358 574
365 662
377 749
396 834
424 917
472 995
532 1063
604 1113
687 1125
772 1105
844 1048
907 977
957 902
983 824
998 739
1006 655
1010 572
427 537
465 491
523 470
585 470
645 487
741 484
799 464
862 463
920 487
954 533
691 540
693 595
693 650
695 710
609 742
649 751
691 762
732 749
773 738
497 561
532 543
570 540
607 560
570 563
533 566
779 557
816 537
854 539
889 558
854 562
816 560
528 839
579 819
642 812
692 819
738 810
798 813
851 832
802 900
741 935
693 942
642 938
579 908
542 843
643 833
692 838
739 830
836 837
740 895
692 904
642 897
