81 359
81 364
82 370
85 376
87 381
91 385
94 389
100 392
105 392
112 391
119 388
125 384
129 378
132 371
133 364
132 356
131 348
81 351
82 349
84 348
87 348
90 349
97 346
101 344
106 342
111 342
116 344
93 353
93 357
93 362
93 366
91 370
93 371
95 371
97 370
100 369
84 355
86 353
89 353
91 354
89 355
86 356
102 351
104 349
108 349
111 349
108 351
105 352
96 382
95 379
95 377
97 377
98 377
102 377
106 378
103 379
101 379
99 380
98 380
97 380
96 381
96 380
97 379
99 379
105 378
100 376
98 376
97 376
