389 567
398 636
411 704
424 770
451 833
492 885
543 932
600 969
671 978
741 964
801 922
851 871
888 811
906 743
910 670
909 601
908 532
431 535
452 491
495 467
545 462
595 470
679 463
727 445
778 440
825 456
855 494
638 514
640 561
641 607
643 656
592 681
619 690
650 698
681 686
709 674
494 541
517 524
546 520
574 534
548 541
519 545
704 525
729 503
757 501
784 513
760 521
732 523
553 774
589 760
624 753
656 757
687 749
730 750
775 756
736 793
697 807
663 812
631 810
593 798
570 774
626 766
657 767
689 761
761 759
693 783
660 788
629 785
