395 551
404 613
412 673
419 734
434 794
467 846
518 890
579 921
651 925
725 910
793 872
850 825
888 767
903 699
904 629
903 561
900 492
428 502
444 459
485 435
532 429
577 442
651 439
692 417
741 414
787 426
819 456
617 486
620 529
622 573
625 619
585 647
608 656
634 662
661 648
685 634
492 513
515 495
541 491
569 505
543 511
516 514
689 492
715 472
742 467
768 482
745 489
717 492
531 732
568 719
609 712
642 714
674 704
719 700
767 707
726 753
682 773
649 779
614 780
571 771
541 733
611 724
644 724
676 718
757 712
678 754
645 761
612 760
