274 507
272 573
271 638
273 705
284 775
308 836
351 887
400 924
464 940
539 935
617 910
689 873
745 822
779 759
795 691
808 621
817 546
294 465
318 434
360 428
405 434
448 448
505 454
561 442
619 437
676 451
717 488
471 491
463 530
453 570
443 610
407 648
428 657
455 664
487 656
522 649
338 496
363 477
395 477
423 503
391 508
360 507
560 508
590 485
625 486
656 505
625 515
590 514
371 748
395 727
430 718
461 723
493 715
543 724
596 750
543 785
495 797
461 800
427 797
395 780
385 747
430 743
461 746
494 741
580 748
495 769
462 772
429 767
