369 523
368 588
373 652
379 719
393 785
422 844
464 898
515 944
577 960
646 949
716 911
785 868
837 811
868 747
879 681
885 619
892 554
399 496
423 458
468 450
517 460
563 478
620 485
672 463
724 455
777 462
810 499
589 515
586 558
582 600
577 645
530 666
554 677
579 688
608 680
635 672
449 519
473 509
499 510
525 525
497 528
471 526
666 530
695 519
721 520
746 531
721 535
695 535
475 756
511 744
548 741
574 749
607 744
648 750
697 763
647 796
604 811
570 813
539 808
506 789
489 758
546 756
574 761
606 758
683 764
605 784
572 788
544 783
